&emsp;
# Example 2.5

Figure 2.13 shows a frame $\{B\}$ that is
- rotated relative to frame $\{A\}$ about $\hat{Z}$ by $30$ degrees
- translated $4$ units in $\hat{X}_A$
- translated $3$ units in $\hat{Y}_A$


<div align=center>
    <image src="imgs/2.13.png" width=300>
    <h4>FIGURE 2.13: {B} relative to {A}</h>
</div>
&emsp;

Thus, we have a description of ${ }_B^A T$. 

Find ${ }_A^B T$.


The frame defining $\{B\}$ is
$${ }_B^A T=\left[\begin{array}{lrll}
0.866 & -0.500 & 0.000 & 4.0 \\
0.500 & 0.866 & 0.000 & 3.0 \\
0.000 & 0.000 & 1.000 & 0.0 \\
0 & 0 & 0 & 1
\end{array}\right]$$

Using $(2.45)$

$${}^B_AT = \begin{bmatrix}
{}^A_B R^T & - {}^A_BR^T {}^A P_{B\ ORG} \\ \\
0\quad 0\quad 0 & 1
\end{bmatrix} \tag{2.45}$$

we compute
$${ }_A^B T=\left[\begin{array}{rlll}
0.866 & 0.500 & 0.000 & -4.964 \\
-0.500 & 0.866 & 0.000 & -0.598 \\
0.000 & 0.000 & 1.000 & 0.0 \\
0 & 0 & 0 & 1
\end{array}\right]$$

